NO_OF_FRAMES	392
NO_OF_CAMERAS	2
NO_OF_BODIES	1
FREQUENCY	20
NO_OF_ANALOG	0
ANALOG_FREQUENCY	0
DESCRIPTION	--
TIME_STAMP	2018-05-13, 11:12:26	4529.38133216
DATA_INCLUDED	6D
BODY_NAMES	New Body #1
 X	 Y	 Z	 Roll	 Pitch	 Yaw	 Residual	 Rot[0]	 Rot[1]	 Rot[2]	 Rot[3]	 Rot[4]	 Rot[5]	 Rot[6]	 Rot[7]	 Rot[8]
105.75699	140.80222	-176.06067	-1.57786	-0.71943	-0.85465	2.25129	0.99981	-0.01456	0.01296	0.01491	0.99951	-0.02735	-0.01256	0.02753	0.99954	
105.50415	140.37202	-177.01697	-1.56517	-0.68000	-1.00079	2.25590	0.99978	-0.01714	0.01234	0.01747	0.99948	-0.02710	-0.01187	0.02731	0.99956	
105.48349	141.55728	-177.34024	-1.50699	-0.66831	-0.98898	2.28212	0.99978	-0.01695	0.01211	0.01726	0.99951	-0.02609	-0.01166	0.02630	0.99959	
105.37350	141.10724	-177.42975	-1.51087	-0.67185	-0.99238	1.12304	0.99978	-0.01700	0.01218	0.01732	0.99951	-0.02616	-0.01173	0.02636	0.99958	
105.54181	142.09456	-177.25766	-1.52402	-0.69274	-0.98769	1.56706	0.99978	-0.01691	0.01254	0.01724	0.99950	-0.02638	-0.01209	0.02659	0.99957	
105.22684	142.35725	-177.01389	-1.54946	-0.67358	-0.98739	1.80600	0.99978	-0.01691	0.01222	0.01723	0.99949	-0.02683	-0.01176	0.02704	0.99957	
105.28876	142.53189	-176.55554	-1.61803	-0.69764	-0.98641	2.10735	0.99978	-0.01686	0.01266	0.01721	0.99946	-0.02802	-0.01218	0.02823	0.99953	
105.73141	143.52303	-175.51233	-1.61722	-0.75919	-0.99037	2.22363	0.99976	-0.01690	0.01373	0.01728	0.99946	-0.02799	-0.01325	0.02822	0.99951	
105.71851	142.96750	-175.00482	-1.88636	-0.75810	-0.80181	2.28346	0.99981	-0.01355	0.01368	0.01399	0.99937	-0.03273	-0.01323	0.03291	0.99937	
105.33838	143.15744	-175.20377	-1.88681	-0.73350	-0.78210	2.30591	0.99982	-0.01322	0.01324	0.01365	0.99937	-0.03275	-0.01280	0.03292	0.99938	
105.38208	144.24203	-175.09653	-1.83466	-0.74299	-0.74826	2.22093	0.99983	-0.01264	0.01338	0.01306	0.99941	-0.03184	-0.01297	0.03201	0.99940	
105.20410	144.48112	-175.34531	-1.82171	-0.72134	-0.73465	2.28975	0.99984	-0.01242	0.01299	0.01282	0.99942	-0.03163	-0.01259	0.03179	0.99942	
105.34207	144.58502	-175.19168	-1.76947	-0.73474	-0.72931	2.23135	0.99984	-0.01233	0.01321	0.01273	0.99945	-0.03071	-0.01282	0.03088	0.99944	
105.24295	144.51588	-175.58524	-1.77563	-0.70372	-0.70851	2.27851	0.99985	-0.01198	0.01266	0.01236	0.99945	-0.03083	-0.01228	0.03098	0.99944	
105.22903	145.47198	-176.31180	-1.53723	-0.69551	-0.77898	2.20997	0.99983	-0.01326	0.01250	0.01359	0.99955	-0.02666	-0.01214	0.02682	0.99957	
105.33939	144.77026	-176.57321	-1.51697	-0.69339	-0.78755	2.23879	0.99983	-0.01342	0.01246	0.01374	0.99956	-0.02630	-0.01210	0.02647	0.99958	
105.58075	144.47041	-176.91409	-1.46224	-0.69710	-0.86120	2.25419	0.99981	-0.01471	0.01254	0.01503	0.99957	-0.02533	-0.01217	0.02552	0.99960	
105.48071	143.94093	-177.41937	-1.48290	-0.66879	-0.85448	2.28681	0.99982	-0.01461	0.01205	0.01491	0.99956	-0.02570	-0.01167	0.02588	0.99960	
105.63483	143.58955	-177.36404	-1.46319	-0.68288	-0.85914	2.22713	0.99982	-0.01469	0.01230	0.01499	0.99957	-0.02535	-0.01192	0.02553	0.99960	
105.81100	143.33301	-177.23853	-1.46212	-0.70195	-0.89478	2.29325	0.99980	-0.01530	0.01264	0.01562	0.99956	-0.02532	-0.01225	0.02551	0.99960	
105.34802	143.01633	-177.40033	-1.50276	-0.65767	-0.91311	2.25443	0.99981	-0.01563	0.01189	0.01594	0.99953	-0.02604	-0.01148	0.02622	0.99959	
105.41660	142.47049	-176.98825	-1.51732	-0.68936	-0.92532	2.27728	0.99980	-0.01582	0.01245	0.01615	0.99952	-0.02628	-0.01203	0.02648	0.99958	
105.65649	142.60754	-176.14639	-1.55345	-0.72787	-0.93858	2.24922	0.99979	-0.01603	0.01314	0.01638	0.99950	-0.02690	-0.01270	0.02711	0.99955	
105.18784	142.48282	-176.21753	-1.63387	-0.68705	-0.93356	2.23265	0.99980	-0.01594	0.01245	0.01629	0.99947	-0.02831	-0.01199	0.02851	0.99952	
105.80838	142.77411	-175.35083	-1.68405	-0.75843	-0.92591	2.27134	0.99978	-0.01576	0.01370	0.01616	0.99944	-0.02917	-0.01324	0.02939	0.99948	
105.49258	143.15015	-175.50021	-1.71219	-0.72367	-0.91992	2.27155	0.99979	-0.01567	0.01310	0.01605	0.99943	-0.02967	-0.01263	0.02988	0.99947	
105.66644	143.27112	-175.14749	-1.76220	-0.72384	-0.90012	2.29168	0.99980	-0.01531	0.01311	0.01571	0.99941	-0.03055	-0.01263	0.03075	0.99945	
105.95810	143.53473	-174.91833	-1.84087	-0.73161	-0.80220	2.26299	0.99982	-0.01358	0.01321	0.01400	0.99939	-0.03194	-0.01277	0.03212	0.99940	
106.07776	144.07399	-175.02917	-1.82049	-0.72882	-0.78916	2.27640	0.99982	-0.01336	0.01315	0.01377	0.99941	-0.03159	-0.01272	0.03177	0.99941	
106.11838	145.20621	-175.23590	-1.68704	-0.70988	-0.78808	2.22968	0.99983	-0.01338	0.01279	0.01375	0.99948	-0.02927	-0.01239	0.02944	0.99949	
106.65790	145.93536	-175.19016	-1.57182	-0.75766	-0.81283	2.23615	0.99981	-0.01382	0.01361	0.01418	0.99953	-0.02724	-0.01322	0.02743	0.99954	
106.74130	145.40961	-175.25241	-1.56681	-0.74810	-0.83073	2.24770	0.99981	-0.01414	0.01345	0.01450	0.99953	-0.02715	-0.01306	0.02734	0.99954	
106.49136	144.60832	-175.62180	-1.58577	-0.70515	-0.85570	2.26479	0.99981	-0.01459	0.01271	0.01493	0.99951	-0.02749	-0.01231	0.02767	0.99954	
106.72787	144.12082	-175.85065	-1.58772	-0.70578	-0.84496	2.28226	0.99982	-0.01440	0.01272	0.01475	0.99951	-0.02752	-0.01232	0.02771	0.99954	
106.70377	143.91916	-176.14041	-1.55513	-0.68146	-0.82982	2.23974	0.99982	-0.01415	0.01228	0.01448	0.99953	-0.02696	-0.01189	0.02714	0.99956	
106.80984	143.61969	-176.47290	-1.55977	-0.66821	-0.79139	2.27589	0.99984	-0.01349	0.01203	0.01381	0.99954	-0.02706	-0.01166	0.02722	0.99956	
107.34555	143.03683	-176.38757	-1.57071	-0.69408	-0.79673	2.33121	0.99983	-0.01357	0.01249	0.01390	0.99953	-0.02724	-0.01211	0.02741	0.99955	
107.60385	143.06995	-176.18448	-1.49206	-0.70994	-0.85302	2.23062	0.99981	-0.01456	0.01277	0.01489	0.99955	-0.02585	-0.01239	0.02604	0.99958	
107.50186	143.47440	-176.79205	-1.44665	-0.67165	-0.85654	2.26593	0.99982	-0.01465	0.01209	0.01495	0.99957	-0.02507	-0.01172	0.02524	0.99961	
107.97824	142.62167	-176.34372	-1.48088	-0.71577	-0.89411	2.23781	0.99980	-0.01528	0.01289	0.01560	0.99955	-0.02565	-0.01249	0.02584	0.99959	
107.97913	142.05273	-176.48880	-1.54558	-0.69867	-0.86981	2.26619	0.99981	-0.01485	0.01260	0.01518	0.99953	-0.02678	-0.01219	0.02697	0.99956	
108.35718	142.03902	-176.54218	-1.57355	-0.74448	-0.88435	2.28006	0.99980	-0.01507	0.01341	0.01543	0.99951	-0.02726	-0.01299	0.02746	0.99954	
107.72287	142.05151	-176.89893	-1.57145	-0.67105	-0.94258	2.21531	0.99980	-0.01612	0.01216	0.01645	0.99949	-0.02723	-0.01171	0.02742	0.99956	
107.78604	142.64215	-176.83688	-1.58704	-0.68075	-0.95445	2.24130	0.99979	-0.01632	0.01234	0.01666	0.99948	-0.02749	-0.01188	0.02769	0.99955	
107.90063	140.83630	-176.72202	-1.79564	-0.70858	-0.99819	2.34251	0.99977	-0.01702	0.01290	0.01742	0.99936	-0.03111	-0.01237	0.03133	0.99943	
107.79041	142.43845	-176.75790	-1.67258	-0.70182	-0.98503	2.22151	0.99978	-0.01683	0.01274	0.01719	0.99943	-0.02897	-0.01225	0.02919	0.99950	
107.30560	142.47073	-177.40085	-1.71472	-0.65352	-0.98574	2.25471	0.99979	-0.01685	0.01191	0.01720	0.99941	-0.02972	-0.01141	0.02992	0.99949	
108.01727	142.67892	-176.65750	-1.75019	-0.73565	-0.96249	2.33989	0.99978	-0.01640	0.01334	0.01680	0.99940	-0.03032	-0.01284	0.03054	0.99945	
107.90100	142.40063	-176.48557	-1.73882	-0.73129	-1.00024	2.20070	0.99977	-0.01706	0.01328	0.01746	0.99939	-0.03012	-0.01276	0.03034	0.99946	
107.84433	141.69217	-176.40793	-1.90545	-0.71390	-0.87800	2.35692	0.99980	-0.01490	0.01296	0.01532	0.99934	-0.03306	-0.01246	0.03325	0.99937	
108.27118	143.10794	-176.22302	-1.65134	-0.76747	-0.90574	2.21779	0.99979	-0.01542	0.01384	0.01581	0.99947	-0.02860	-0.01339	0.02881	0.99950	
107.67603	142.94412	-176.38232	-1.64489	-0.69689	-0.89205	2.24605	0.99980	-0.01521	0.01260	0.01557	0.99947	-0.02851	-0.01216	0.02870	0.99951	
107.81650	143.02621	-176.07977	-1.59455	-0.71341	-0.85879	2.25020	0.99981	-0.01464	0.01286	0.01499	0.99951	-0.02764	-0.01245	0.02782	0.99954	
108.38153	142.73927	-175.30099	-1.55767	-0.77295	-0.85661	2.27016	0.99980	-0.01458	0.01389	0.01495	0.99952	-0.02698	-0.01349	0.02718	0.99954	
107.84027	143.46460	-175.49100	-1.47304	-0.71014	-0.79984	2.25250	0.99983	-0.01364	0.01275	0.01396	0.99958	-0.02553	-0.01239	0.02570	0.99959	
108.15170	142.91428	-175.02042	-1.43925	-0.75448	-0.80167	2.27160	0.99982	-0.01366	0.01351	0.01399	0.99959	-0.02493	-0.01317	0.02511	0.99960	
107.80276	143.53659	-175.01404	-1.32101	-0.71096	-0.76856	2.29384	0.99983	-0.01312	0.01271	0.01341	0.99965	-0.02289	-0.01241	0.02305	0.99966	
108.25198	143.53781	-174.60684	-1.29426	-0.77736	-0.78523	2.19994	0.99981	-0.01339	0.01387	0.01370	0.99966	-0.02240	-0.01357	0.02259	0.99965	
107.91718	143.64957	-174.75345	-1.23927	-0.76073	-0.82971	2.20251	0.99981	-0.01419	0.01359	0.01448	0.99967	-0.02143	-0.01328	0.02163	0.99968	
107.74789	142.93701	-175.01193	-1.29005	-0.74313	-0.84873	2.23371	0.99981	-0.01452	0.01330	0.01481	0.99964	-0.02232	-0.01297	0.02251	0.99966	
107.95154	142.72455	-175.04355	-1.32476	-0.76936	-0.86030	2.20653	0.99980	-0.01470	0.01377	0.01501	0.99962	-0.02292	-0.01343	0.02312	0.99964	
107.91675	139.75261	-175.08847	-1.74531	-0.77081	-0.80942	2.35321	0.99981	-0.01371	0.01388	0.01413	0.99944	-0.03026	-0.01345	0.03045	0.99945	
107.33719	140.62244	-175.67725	-1.72304	-0.70713	-0.82592	2.30692	0.99982	-0.01404	0.01277	0.01441	0.99945	-0.02989	-0.01234	0.03007	0.99947	
107.09305	142.19791	-176.30173	-1.52319	-0.68800	-0.94774	2.21842	0.99979	-0.01622	0.01244	0.01654	0.99952	-0.02638	-0.01201	0.02658	0.99957	
106.52701	142.12805	-177.06216	-1.58052	-0.64409	-0.94500	2.28563	0.99980	-0.01618	0.01169	0.01649	0.99949	-0.02739	-0.01124	0.02758	0.99956	
106.68100	142.23386	-177.10068	-1.63819	-0.66646	-0.95729	2.31406	0.99979	-0.01637	0.01210	0.01671	0.99946	-0.02839	-0.01163	0.02859	0.99952	
106.80212	142.13611	-176.44604	-1.66837	-0.69512	-0.97149	2.21875	0.99978	-0.01659	0.01262	0.01695	0.99944	-0.02890	-0.01213	0.02911	0.99950	
106.46286	142.07590	-176.57166	-1.69501	-0.68949	-0.96917	2.23347	0.99978	-0.01655	0.01253	0.01691	0.99943	-0.02937	-0.01203	0.02958	0.99949	
106.38635	142.48593	-176.04071	-1.69331	-0.70240	-0.96916	2.23608	0.99978	-0.01654	0.01275	0.01691	0.99943	-0.02934	-0.01226	0.02955	0.99949	
106.68240	141.77371	-174.94849	-1.77612	-0.76504	-0.91023	2.25504	0.99978	-0.01546	0.01384	0.01588	0.99940	-0.03078	-0.01335	0.03099	0.99943	
106.21030	141.55136	-175.05231	-1.82085	-0.74106	-0.81052	2.33074	0.99982	-0.01373	0.01338	0.01414	0.99940	-0.03159	-0.01293	0.03177	0.99941	
105.67578	141.86292	-174.93814	-1.82581	-0.71058	-0.78337	2.30739	0.99983	-0.01327	0.01283	0.01367	0.99940	-0.03169	-0.01240	0.03186	0.99942	
105.46408	144.19092	-174.70862	-1.37974	-0.74826	-0.95102	2.29608	0.99978	-0.01628	0.01345	0.01660	0.99958	-0.02386	-0.01306	0.02408	0.99962	
105.10950	143.52988	-174.70251	-1.42033	-0.73629	-0.92875	2.26606	0.99979	-0.01589	0.01325	0.01621	0.99957	-0.02458	-0.01285	0.02478	0.99961	
105.08771	143.19879	-174.80237	-1.41353	-0.75087	-0.92156	2.22502	0.99978	-0.01576	0.01350	0.01608	0.99957	-0.02445	-0.01310	0.02467	0.99961	
104.80594	142.58545	-175.16959	-1.45816	-0.70665	-0.87698	2.28160	0.99981	-0.01499	0.01272	0.01530	0.99956	-0.02526	-0.01233	0.02545	0.99960	
104.85092	142.22324	-175.63489	-1.45490	-0.70751	-0.88901	2.28433	0.99980	-0.01520	0.01274	0.01551	0.99956	-0.02520	-0.01235	0.02539	0.99960	
105.14835	143.94353	-176.06946	-1.24180	-0.73295	-0.91667	2.22387	0.99979	-0.01572	0.01313	0.01600	0.99964	-0.02146	-0.01279	0.02167	0.99968	
105.00287	142.88972	-176.78790	-1.28567	-0.70298	-0.93198	2.22478	0.99979	-0.01599	0.01263	0.01626	0.99962	-0.02223	-0.01227	0.02244	0.99967	
104.69855	142.43600	-177.58905	-1.33474	-0.63709	-0.94587	2.24803	0.99980	-0.01624	0.01150	0.01651	0.99960	-0.02311	-0.01112	0.02329	0.99967	
104.53036	142.12466	-178.34747	-1.37399	-0.58735	-0.95098	2.33228	0.99981	-0.01635	0.01064	0.01660	0.99958	-0.02381	-0.01025	0.02398	0.99966	
104.58865	141.90768	-178.96054	-1.36152	-0.57850	-0.97873	2.25571	0.99980	-0.01684	0.01050	0.01708	0.99958	-0.02358	-0.01010	0.02376	0.99967	
104.88315	142.34506	-178.90591	-1.32988	-0.59410	-1.04185	2.24316	0.99978	-0.01794	0.01079	0.01818	0.99957	-0.02302	-0.01037	0.02321	0.99968	
105.06747	142.34100	-178.68893	-1.37476	-0.58643	-1.06679	2.20614	0.99977	-0.01837	0.01068	0.01862	0.99954	-0.02380	-0.01023	0.02399	0.99966	
104.69379	140.68790	-178.70804	-1.56255	-0.55270	-1.11440	2.34041	0.99976	-0.01918	0.01017	0.01945	0.99944	-0.02708	-0.00965	0.02727	0.99958	
105.31995	141.81921	-178.03027	-1.59625	-0.59639	-1.04235	2.26729	0.99978	-0.01789	0.01091	0.01819	0.99945	-0.02766	-0.01041	0.02785	0.99956	
105.99039	142.65714	-177.00662	-1.56963	-0.67260	-1.03860	2.19149	0.99977	-0.01780	0.01223	0.01812	0.99947	-0.02717	-0.01174	0.02739	0.99956	
105.70398	142.03326	-176.65472	-1.70795	-0.64154	-1.01217	2.25216	0.99978	-0.01732	0.01172	0.01766	0.99941	-0.02960	-0.01120	0.02980	0.99949	
106.19666	141.99438	-175.71683	-1.76250	-0.70528	-0.94246	2.25851	0.99979	-0.01606	0.01281	0.01645	0.99940	-0.03055	-0.01231	0.03075	0.99945	
106.14691	142.34613	-175.27289	-1.76077	-0.68893	-0.92444	2.28144	0.99980	-0.01576	0.01251	0.01613	0.99940	-0.03053	-0.01202	0.03072	0.99946	
106.44125	142.30914	-174.80206	-1.73943	-0.72927	-0.89682	2.22330	0.99980	-0.01526	0.01320	0.01565	0.99942	-0.03015	-0.01273	0.03035	0.99946	
106.71509	142.59329	-174.51190	-1.66776	-0.76759	-0.90611	2.32957	0.99979	-0.01542	0.01385	0.01581	0.99946	-0.02889	-0.01340	0.02910	0.99949	
106.85117	142.58916	-174.32297	-1.65639	-0.76525	-0.88288	2.26402	0.99979	-0.01502	0.01379	0.01541	0.99947	-0.02870	-0.01336	0.02890	0.99949	
106.67648	142.16795	-174.73148	-1.65071	-0.74133	-0.86621	2.28822	0.99980	-0.01474	0.01337	0.01512	0.99948	-0.02861	-0.01294	0.02880	0.99950	
106.81116	142.45676	-174.96130	-1.56328	-0.71794	-0.84507	2.23802	0.99981	-0.01440	0.01293	0.01475	0.99952	-0.02709	-0.01253	0.02728	0.99955	
107.18149	142.15680	-175.16293	-1.56157	-0.73701	-0.84126	2.26178	0.99981	-0.01433	0.01326	0.01468	0.99953	-0.02706	-0.01286	0.02725	0.99955	
107.17575	141.83058	-175.50522	-1.56034	-0.70087	-0.85284	2.21714	0.99981	-0.01455	0.01263	0.01488	0.99952	-0.02704	-0.01223	0.02723	0.99955	
107.60995	141.72397	-175.76453	-1.56575	-0.71725	-0.84743	2.26839	0.99981	-0.01444	0.01292	0.01479	0.99952	-0.02714	-0.01252	0.02732	0.99955	
107.66013	141.94931	-176.25168	-1.50279	-0.69446	-0.89715	2.22900	0.99980	-0.01533	0.01253	0.01566	0.99954	-0.02603	-0.01212	0.02622	0.99958	
108.17392	141.57764	-176.43744	-1.48006	-0.72369	-0.98060	2.24582	0.99977	-0.01678	0.01307	0.01711	0.99953	-0.02561	-0.01263	0.02583	0.99959	
107.85367	141.99033	-177.11264	-1.46545	-0.65252	-0.97822	2.27992	0.99979	-0.01678	0.01182	0.01707	0.99953	-0.02538	-0.01139	0.02557	0.99961	
108.01154	143.00552	-177.47723	-1.29525	-0.65070	-1.06127	2.23363	0.99976	-0.01826	0.01177	0.01852	0.99958	-0.02239	-0.01136	0.02260	0.99968	
108.22250	142.18268	-177.54376	-1.36149	-0.65632	-1.07394	2.23998	0.99976	-0.01847	0.01189	0.01874	0.99955	-0.02354	-0.01145	0.02376	0.99965	
108.96854	142.19656	-177.11661	-1.38836	-0.72334	-1.07016	2.23483	0.99975	-0.01837	0.01307	0.01868	0.99954	-0.02399	-0.01262	0.02423	0.99963	
109.02780	142.40836	-177.23773	-1.37366	-0.71190	-1.06396	2.19846	0.99975	-0.01827	0.01286	0.01857	0.99955	-0.02374	-0.01242	0.02397	0.99964	
108.88184	141.61374	-177.53470	-1.55627	-0.66596	-0.95224	2.33129	0.99979	-0.01630	0.01207	0.01662	0.99950	-0.02696	-0.01162	0.02716	0.99956	
109.24222	142.11752	-177.29248	-1.51775	-0.68862	-0.95484	2.28142	0.99979	-0.01634	0.01245	0.01666	0.99952	-0.02628	-0.01202	0.02648	0.99958	
109.56519	142.24805	-176.85852	-1.47989	-0.71536	-0.95794	2.21684	0.99978	-0.01639	0.01291	0.01672	0.99953	-0.02561	-0.01249	0.02582	0.99959	
109.45016	142.65845	-177.06104	-1.44454	-0.68924	-0.94145	2.20683	0.99979	-0.01612	0.01244	0.01643	0.99955	-0.02501	-0.01203	0.02521	0.99961	
109.60056	143.00485	-176.73926	-1.43914	-0.69172	-0.94641	2.23952	0.99979	-0.01621	0.01248	0.01652	0.99955	-0.02491	-0.01207	0.02511	0.99961	
110.02802	142.36673	-176.10760	-1.53607	-0.72167	-0.91921	2.26517	0.99979	-0.01570	0.01302	0.01604	0.99952	-0.02660	-0.01260	0.02680	0.99956	
110.35355	142.60461	-175.79391	-1.52934	-0.74211	-0.91684	2.27213	0.99979	-0.01565	0.01337	0.01600	0.99952	-0.02648	-0.01295	0.02669	0.99956	
110.75259	143.25861	-174.99646	-1.47742	-0.75870	-0.92532	2.24169	0.99978	-0.01580	0.01365	0.01615	0.99954	-0.02557	-0.01324	0.02578	0.99958	
110.62781	141.38806	-174.90677	-1.71872	-0.73059	-0.84291	2.33166	0.99981	-0.01432	0.01319	0.01471	0.99945	-0.02980	-0.01275	0.02999	0.99947	
110.81961	143.38971	-174.67163	-1.53655	-0.73520	-0.81312	2.20512	0.99982	-0.01384	0.01321	0.01419	0.99954	-0.02663	-0.01283	0.02681	0.99956	
110.72256	143.46146	-174.62567	-1.49921	-0.71483	-0.84921	2.27873	0.99981	-0.01449	0.01286	0.01482	0.99955	-0.02598	-0.01248	0.02616	0.99958	
110.79126	143.55032	-174.51248	-1.42652	-0.71761	-0.92215	2.29335	0.99979	-0.01578	0.01292	0.01609	0.99957	-0.02469	-0.01252	0.02489	0.99961	
111.06516	142.87772	-174.64127	-1.50189	-0.74477	-0.90905	2.28999	0.99979	-0.01552	0.01341	0.01586	0.99954	-0.02600	-0.01300	0.02621	0.99957	
110.98523	143.67053	-174.97308	-1.36840	-0.72007	-0.95547	2.23851	0.99978	-0.01637	0.01296	0.01667	0.99958	-0.02367	-0.01257	0.02388	0.99964	
110.90915	143.40714	-175.34525	-1.41228	-0.70969	-0.96646	2.26045	0.99978	-0.01656	0.01280	0.01687	0.99956	-0.02443	-0.01239	0.02464	0.99962	
110.74115	143.43231	-175.62463	-1.48215	-0.67820	-0.87979	2.31216	0.99981	-0.01504	0.01223	0.01535	0.99955	-0.02568	-0.01184	0.02586	0.99960	
110.66608	143.06068	-175.96478	-1.47151	-0.69611	-0.92081	2.22039	0.99980	-0.01575	0.01256	0.01607	0.99955	-0.02548	-0.01215	0.02568	0.99960	
110.52737	142.46118	-176.23312	-1.51713	-0.70488	-0.93995	2.27860	0.99979	-0.01607	0.01273	0.01640	0.99952	-0.02627	-0.01230	0.02647	0.99957	
110.37546	143.04796	-176.04712	-1.48205	-0.71049	-0.93452	2.22310	0.99979	-0.01598	0.01282	0.01631	0.99954	-0.02566	-0.01240	0.02586	0.99959	
110.13647	143.37453	-176.30368	-1.44951	-0.72233	-0.94225	2.22554	0.99979	-0.01612	0.01302	0.01644	0.99955	-0.02509	-0.01261	0.02529	0.99960	
109.52188	143.31277	-176.70880	-1.45126	-0.69122	-0.94442	2.23286	0.99979	-0.01617	0.01248	0.01648	0.99955	-0.02512	-0.01206	0.02532	0.99961	
109.53601	141.99500	-176.32632	-1.70468	-0.71158	-0.85147	2.30911	0.99981	-0.01448	0.01285	0.01486	0.99945	-0.02956	-0.01242	0.02975	0.99948	
109.62939	142.66724	-176.24945	-1.65176	-0.75450	-0.86296	2.25419	0.99980	-0.01468	0.01360	0.01506	0.99948	-0.02862	-0.01317	0.02882	0.99950	
108.75842	143.35043	-176.72925	-1.63013	-0.66901	-0.83267	2.19981	0.99983	-0.01419	0.01208	0.01453	0.99949	-0.02827	-0.01168	0.02845	0.99953	
109.01019	143.36855	-176.49600	-1.64447	-0.71295	-0.85748	2.23783	0.99981	-0.01460	0.01287	0.01496	0.99948	-0.02851	-0.01244	0.02870	0.99951	
109.30704	143.56892	-176.22632	-1.64397	-0.74914	-0.87394	2.25900	0.99980	-0.01487	0.01351	0.01525	0.99948	-0.02849	-0.01307	0.02869	0.99950	
109.01425	144.62706	-176.67184	-1.55656	-0.71175	-0.88992	2.21818	0.99980	-0.01519	0.01284	0.01553	0.99952	-0.02697	-0.01242	0.02716	0.99955	
108.89084	144.23009	-176.56680	-1.57419	-0.70063	-0.91757	2.22693	0.99980	-0.01567	0.01266	0.01601	0.99950	-0.02727	-0.01223	0.02747	0.99955	
108.32709	143.60342	-177.16763	-1.61695	-0.63927	-0.91776	2.29430	0.99981	-0.01570	0.01160	0.01602	0.99948	-0.02804	-0.01116	0.02822	0.99954	
108.32846	143.74490	-177.35220	-1.57043	-0.62983	-0.91925	2.26001	0.99981	-0.01574	0.01143	0.01604	0.99950	-0.02723	-0.01099	0.02740	0.99956	
108.40369	145.74033	-177.68842	-1.28963	-0.64113	-0.93339	2.20451	0.99980	-0.01603	0.01155	0.01629	0.99962	-0.02232	-0.01119	0.02251	0.99968	
108.32422	145.30786	-177.89679	-1.25682	-0.64031	-0.94241	2.24082	0.99980	-0.01620	0.01153	0.01645	0.99963	-0.02175	-0.01118	0.02193	0.99970	
108.29291	144.15163	-177.88528	-1.31612	-0.64621	-0.94512	2.30900	0.99980	-0.01623	0.01165	0.01649	0.99960	-0.02278	-0.01128	0.02297	0.99967	
108.39554	144.28503	-177.91452	-1.27554	-0.65264	-0.92441	2.26301	0.99980	-0.01588	0.01175	0.01613	0.99963	-0.02207	-0.01139	0.02226	0.99969	
108.07626	144.29446	-178.09256	-1.25243	-0.61635	-0.90723	2.24522	0.99982	-0.01559	0.01110	0.01583	0.99964	-0.02168	-0.01076	0.02186	0.99970	
108.36835	143.67307	-177.57538	-1.27725	-0.66757	-0.92163	2.30049	0.99980	-0.01582	0.01201	0.01608	0.99963	-0.02210	-0.01165	0.02229	0.99968	
108.58939	143.64563	-177.18887	-1.25130	-0.69176	-0.96830	2.24609	0.99978	-0.01663	0.01244	0.01690	0.99962	-0.02163	-0.01207	0.02184	0.99969	
108.36942	143.45496	-176.71948	-1.24012	-0.68162	-0.96973	2.17019	0.99979	-0.01666	0.01226	0.01692	0.99963	-0.02144	-0.01190	0.02164	0.99970	
108.63388	142.13544	-175.87253	-1.43007	-0.71286	-0.98966	2.30542	0.99977	-0.01696	0.01287	0.01727	0.99954	-0.02474	-0.01244	0.02495	0.99961	
108.64862	142.10657	-175.40387	-1.46194	-0.71336	-0.94931	2.23864	0.99979	-0.01624	0.01287	0.01657	0.99954	-0.02530	-0.01245	0.02551	0.99960	
109.01651	142.39946	-174.45947	-1.43728	-0.76536	-0.96534	2.33468	0.99977	-0.01651	0.01377	0.01685	0.99955	-0.02485	-0.01336	0.02508	0.99960	
108.75159	142.46530	-174.23709	-1.44398	-0.74941	-0.97504	2.30589	0.99977	-0.01668	0.01350	0.01702	0.99954	-0.02497	-0.01308	0.02520	0.99960	
108.76270	142.47528	-173.96518	-1.44832	-0.73594	-0.97884	2.34885	0.99977	-0.01675	0.01327	0.01708	0.99954	-0.02505	-0.01284	0.02527	0.99960	
108.64948	141.99341	-173.85901	-1.53688	-0.71459	-0.98051	2.30294	0.99978	-0.01677	0.01292	0.01711	0.99950	-0.02660	-0.01247	0.02682	0.99956	
108.71887	142.51140	-174.05103	-1.50461	-0.71220	-0.97386	2.25997	0.99978	-0.01666	0.01287	0.01699	0.99952	-0.02604	-0.01243	0.02626	0.99958	
109.15280	142.16751	-174.24680	-1.55040	-0.74941	-0.98597	2.29323	0.99977	-0.01685	0.01354	0.01721	0.99949	-0.02683	-0.01308	0.02705	0.99955	
109.03552	140.70332	-174.92593	-1.82128	-0.69614	-0.86439	2.32522	0.99981	-0.01469	0.01262	0.01508	0.99939	-0.03160	-0.01215	0.03178	0.99942	
109.34030	140.88239	-175.43985	-1.83466	-0.71128	-0.87017	2.27558	0.99981	-0.01478	0.01289	0.01519	0.99938	-0.03182	-0.01241	0.03201	0.99941	
109.24847	141.39558	-176.19345	-1.71820	-0.69994	-0.93268	2.22446	0.99979	-0.01590	0.01270	0.01628	0.99942	-0.02978	-0.01222	0.02998	0.99948	
108.97314	141.46065	-177.38397	-1.69303	-0.65888	-0.91463	2.24628	0.99981	-0.01562	0.01196	0.01596	0.99944	-0.02936	-0.01150	0.02954	0.99950	
108.64868	142.75632	-177.92871	-1.47148	-0.62299	-0.96398	2.19923	0.99980	-0.01654	0.01130	0.01682	0.99953	-0.02549	-0.01087	0.02568	0.99961	
109.14487	142.78355	-177.88770	-1.44151	-0.68930	-0.95348	2.21938	0.99979	-0.01633	0.01244	0.01664	0.99955	-0.02495	-0.01203	0.02515	0.99961	
108.44049	142.81104	-178.85831	-1.43732	-0.60598	-0.94271	2.29030	0.99981	-0.01618	0.01098	0.01645	0.99955	-0.02491	-0.01058	0.02508	0.99963	
108.98608	143.41217	-178.42596	-1.32452	-0.67064	-0.93780	2.25020	0.99980	-0.01609	0.01208	0.01637	0.99960	-0.02292	-0.01170	0.02311	0.99966	
108.51321	143.73694	-178.74567	-1.23889	-0.63579	-0.93367	2.27919	0.99981	-0.01605	0.01144	0.01629	0.99964	-0.02144	-0.01110	0.02162	0.99970	
108.68170	144.17734	-178.18903	-1.13127	-0.67077	-0.95148	2.22533	0.99979	-0.01637	0.01203	0.01660	0.99967	-0.01955	-0.01171	0.01974	0.99974	
108.11148	144.06606	-178.31485	-1.16185	-0.61927	-0.94086	2.25762	0.99981	-0.01620	0.01114	0.01642	0.99966	-0.02010	-0.01081	0.02028	0.99974	
108.14008	143.31989	-178.01575	-1.21393	-0.63883	-0.94047	2.29345	0.99980	-0.01617	0.01149	0.01641	0.99964	-0.02100	-0.01115	0.02118	0.99971	
108.25418	143.10373	-177.51001	-1.22361	-0.66250	-0.94660	2.28950	0.99980	-0.01627	0.01191	0.01652	0.99964	-0.02116	-0.01156	0.02135	0.99971	
108.89090	142.38429	-176.28400	-1.31423	-0.73380	-0.99159	2.25898	0.99977	-0.01701	0.01320	0.01730	0.99959	-0.02271	-0.01281	0.02293	0.99965	
108.62961	141.51141	-176.38162	-1.46656	-0.68721	-0.94974	2.30210	0.99979	-0.01626	0.01241	0.01657	0.99954	-0.02539	-0.01199	0.02559	0.99960	
108.70001	141.47522	-176.13495	-1.49471	-0.68874	-0.95899	2.32659	0.99979	-0.01642	0.01245	0.01674	0.99953	-0.02588	-0.01202	0.02608	0.99959	
109.02322	142.16873	-176.15582	-1.45638	-0.70892	-0.97105	2.22410	0.99978	-0.01663	0.01280	0.01695	0.99954	-0.02520	-0.01237	0.02541	0.99960	
109.17880	140.82535	-175.71198	-1.63668	-0.71835	-0.97507	2.26094	0.99978	-0.01665	0.01302	0.01702	0.99945	-0.02834	-0.01254	0.02856	0.99951	
108.93243	141.29163	-176.37314	-1.64714	-0.67272	-0.92636	2.29784	0.99980	-0.01582	0.01220	0.01617	0.99946	-0.02855	-0.01174	0.02874	0.99952	
108.63077	141.64540	-177.03329	-1.65287	-0.63088	-0.92207	2.26552	0.99981	-0.01577	0.01147	0.01609	0.99946	-0.02866	-0.01101	0.02884	0.99952	
108.90900	141.77197	-176.74875	-1.67400	-0.66054	-0.92778	2.24542	0.99980	-0.01585	0.01199	0.01619	0.99945	-0.02902	-0.01153	0.02921	0.99951	
109.09006	143.06790	-176.81009	-1.63160	-0.66773	-0.90875	2.29143	0.99981	-0.01552	0.01210	0.01586	0.99947	-0.02828	-0.01165	0.02847	0.99953	
108.82596	142.70625	-177.15222	-1.64683	-0.65556	-0.88692	2.30728	0.99981	-0.01514	0.01188	0.01548	0.99947	-0.02856	-0.01144	0.02874	0.99952	
108.80505	143.20425	-176.87482	-1.62975	-0.65498	-0.89488	2.25704	0.99981	-0.01529	0.01187	0.01562	0.99948	-0.02826	-0.01143	0.02844	0.99953	
108.89972	143.10043	-176.81183	-1.64103	-0.68723	-0.90482	2.27359	0.99980	-0.01544	0.01244	0.01579	0.99947	-0.02844	-0.01199	0.02864	0.99952	
108.75308	143.50497	-176.77911	-1.58351	-0.68277	-0.90003	2.25874	0.99981	-0.01537	0.01234	0.01571	0.99950	-0.02744	-0.01192	0.02763	0.99955	
109.03632	143.36008	-176.07864	-1.60340	-0.72664	-0.92244	2.24525	0.99979	-0.01574	0.01313	0.01610	0.99948	-0.02777	-0.01268	0.02798	0.99953	
108.51453	142.99992	-176.14658	-1.57658	-0.69505	-0.90805	2.28699	0.99980	-0.01551	0.01256	0.01585	0.99950	-0.02732	-0.01213	0.02751	0.99955	
108.55087	142.56445	-175.89294	-1.58578	-0.70705	-0.89645	2.27073	0.99980	-0.01530	0.01277	0.01564	0.99950	-0.02748	-0.01234	0.02767	0.99954	
108.90405	142.26926	-175.65863	-1.57443	-0.75390	-0.89419	2.28651	0.99979	-0.01524	0.01358	0.01560	0.99951	-0.02727	-0.01316	0.02747	0.99954	
108.62814	142.08406	-175.39148	-1.54298	-0.73137	-0.88458	2.26773	0.99980	-0.01509	0.01317	0.01544	0.99952	-0.02673	-0.01276	0.02692	0.99956	
108.45767	142.07910	-175.61075	-1.50148	-0.70507	-0.87812	2.23680	0.99981	-0.01500	0.01270	0.01532	0.99954	-0.02601	-0.01231	0.02620	0.99958	
108.92645	142.80917	-175.47333	-1.39139	-0.74136	-0.86765	2.18673	0.99980	-0.01482	0.01330	0.01514	0.99960	-0.02408	-0.01294	0.02428	0.99962	
108.64801	142.59082	-176.16949	-1.41807	-0.68994	-0.88680	2.30741	0.99981	-0.01517	0.01242	0.01548	0.99958	-0.02456	-0.01204	0.02475	0.99962	
108.94846	142.29776	-176.06464	-1.45146	-0.70202	-0.91855	2.25462	0.99980	-0.01572	0.01265	0.01603	0.99956	-0.02513	-0.01225	0.02533	0.99960	
108.94363	142.29413	-176.86227	-1.47860	-0.67740	-0.92937	2.28183	0.99980	-0.01591	0.01224	0.01622	0.99954	-0.02561	-0.01182	0.02580	0.99960	
108.49222	142.90717	-177.64069	-1.47977	-0.60847	-0.93341	2.23639	0.99981	-0.01601	0.01104	0.01629	0.99954	-0.02565	-0.01062	0.02582	0.99961	
108.87704	143.45724	-177.78702	-1.49832	-0.61872	-0.91739	2.23798	0.99981	-0.01572	0.01121	0.01601	0.99953	-0.02597	-0.01080	0.02615	0.99960	
108.89105	143.68570	-178.14658	-1.53566	-0.60636	-0.93226	2.26705	0.99981	-0.01598	0.01101	0.01627	0.99951	-0.02662	-0.01058	0.02680	0.99958	
108.55270	143.83902	-178.77551	-1.50848	-0.56568	-0.99657	2.20215	0.99980	-0.01713	0.01033	0.01739	0.99951	-0.02615	-0.00987	0.02632	0.99960	
109.18878	144.89705	-178.44034	-1.47686	-0.62512	-1.00732	2.20785	0.99979	-0.01729	0.01136	0.01758	0.99952	-0.02558	-0.01091	0.02577	0.99961	
108.98737	144.71523	-178.60321	-1.53824	-0.59468	-0.96692	2.23021	0.99980	-0.01659	0.01083	0.01687	0.99950	-0.02667	-0.01038	0.02684	0.99959	
109.40350	145.30356	-178.37344	-1.47660	-0.63736	-0.97798	2.23468	0.99979	-0.01678	0.01156	0.01707	0.99953	-0.02558	-0.01112	0.02577	0.99961	
109.16913	144.82953	-178.49011	-1.56422	-0.60907	-0.92525	2.24369	0.99981	-0.01585	0.01107	0.01615	0.99950	-0.02712	-0.01063	0.02730	0.99957	
109.51041	145.39566	-178.06561	-1.44472	-0.64635	-0.92206	2.21189	0.99981	-0.01580	0.01168	0.01609	0.99956	-0.02503	-0.01128	0.02521	0.99962	
109.33212	145.47842	-178.34744	-1.41159	-0.62492	-0.91167	2.26022	0.99981	-0.01564	0.01129	0.01591	0.99957	-0.02446	-0.01091	0.02463	0.99964	
108.99063	145.08842	-178.25580	-1.46919	-0.58095	-0.89640	2.33159	0.99983	-0.01538	0.01054	0.01564	0.99955	-0.02548	-0.01014	0.02564	0.99962	
109.47177	145.38004	-177.85242	-1.35231	-0.63434	-0.87336	2.24518	0.99982	-0.01498	0.01143	0.01524	0.99961	-0.02343	-0.01107	0.02360	0.99966	
109.59171	144.70831	-177.14847	-1.36610	-0.65316	-0.90095	2.21575	0.99981	-0.01545	0.01177	0.01572	0.99960	-0.02366	-0.01140	0.02384	0.99965	
110.10556	144.44510	-176.21063	-1.38782	-0.70082	-0.89754	2.30922	0.99980	-0.01536	0.01261	0.01566	0.99959	-0.02403	-0.01223	0.02422	0.99963	
109.93323	144.19687	-175.95514	-1.35838	-0.67918	-0.90499	2.24276	0.99981	-0.01551	0.01222	0.01579	0.99960	-0.02352	-0.01185	0.02370	0.99965	
110.38068	144.40067	-175.47812	-1.34358	-0.70257	-0.86938	2.24301	0.99981	-0.01488	0.01261	0.01517	0.99961	-0.02326	-0.01226	0.02345	0.99965	
111.01352	144.66565	-174.91516	-1.13344	-0.79819	-1.01712	2.31050	0.99975	-0.01747	0.01428	0.01775	0.99965	-0.01953	-0.01393	0.01978	0.99971	
110.29193	143.81490	-174.99445	-1.25438	-0.70392	-1.00557	2.31209	0.99977	-0.01728	0.01266	0.01755	0.99961	-0.02167	-0.01229	0.02189	0.99968	
110.58554	145.15807	-175.04050	-1.06093	-0.71918	-1.05732	2.26345	0.99975	-0.01822	0.01289	0.01845	0.99966	-0.01828	-0.01255	0.01851	0.99975	
110.77948	142.98682	-174.74371	-1.48343	-0.70407	-0.93539	2.24097	0.99979	-0.01600	0.01270	0.01632	0.99954	-0.02568	-0.01229	0.02589	0.99959	
111.05499	142.70837	-175.09341	-1.51828	-0.70357	-0.91394	2.27573	0.99980	-0.01562	0.01270	0.01595	0.99953	-0.02630	-0.01228	0.02649	0.99957	
111.50626	142.77667	-175.30692	-1.55773	-0.71897	-0.92220	2.23741	0.99979	-0.01575	0.01298	0.01609	0.99951	-0.02698	-0.01255	0.02718	0.99955	
111.65549	142.72865	-175.72882	-1.59180	-0.70952	-0.94820	2.18526	0.99979	-0.01620	0.01284	0.01655	0.99948	-0.02757	-0.01238	0.02778	0.99954	
111.46674	142.38139	-176.66583	-1.62229	-0.65652	-0.94572	2.23616	0.99980	-0.01617	0.01192	0.01650	0.99947	-0.02812	-0.01146	0.02831	0.99953	
111.48901	142.17090	-177.39053	-1.63609	-0.62073	-0.95056	2.23363	0.99980	-0.01627	0.01130	0.01659	0.99946	-0.02837	-0.01083	0.02855	0.99953	
112.05185	141.85939	-177.44733	-1.62329	-0.66894	-0.94894	2.25527	0.99979	-0.01622	0.01214	0.01656	0.99947	-0.02813	-0.01167	0.02833	0.99953	
111.90558	142.67441	-178.11151	-1.56420	-0.61991	-0.93380	2.23668	0.99981	-0.01600	0.01126	0.01630	0.99950	-0.02712	-0.01082	0.02730	0.99957	
111.77023	143.10532	-178.42365	-1.47142	-0.60301	-0.94387	2.23381	0.99981	-0.01620	0.01094	0.01647	0.99954	-0.02550	-0.01052	0.02568	0.99961	
111.61322	143.10831	-178.60880	-1.48494	-0.57929	-0.91634	2.25908	0.99982	-0.01573	0.01052	0.01599	0.99954	-0.02575	-0.01011	0.02591	0.99961	
112.13480	143.92485	-178.07639	-1.35401	-0.65404	-0.93479	2.20325	0.99980	-0.01604	0.01180	0.01631	0.99959	-0.02344	-0.01141	0.02363	0.99966	
111.99042	143.98972	-178.21158	-1.36346	-0.65503	-0.94543	2.24874	0.99980	-0.01622	0.01182	0.01650	0.99959	-0.02360	-0.01143	0.02379	0.99965	
111.81873	144.11714	-178.10175	-1.39153	-0.64391	-0.88931	2.30633	0.99982	-0.01524	0.01161	0.01552	0.99959	-0.02411	-0.01124	0.02428	0.99964	
111.92346	144.51184	-177.50165	-1.36154	-0.67401	-0.88519	2.25601	0.99981	-0.01516	0.01213	0.01545	0.99960	-0.02358	-0.01176	0.02376	0.99965	
111.40936	145.59747	-177.49127	-1.27407	-0.62863	-0.88128	2.21402	0.99982	-0.01513	0.01131	0.01538	0.99964	-0.02206	-0.01097	0.02223	0.99969	
111.43402	144.03865	-177.00711	-1.41102	-0.65428	-0.88253	2.29055	0.99982	-0.01512	0.01179	0.01540	0.99958	-0.02445	-0.01142	0.02462	0.99963	
111.80438	144.30487	-176.37186	-1.40256	-0.69924	-0.88466	2.28411	0.99981	-0.01514	0.01258	0.01544	0.99959	-0.02429	-0.01220	0.02447	0.99963	
111.67117	144.20990	-175.72763	-1.38727	-0.69521	-0.88482	2.21455	0.99981	-0.01514	0.01250	0.01544	0.99959	-0.02402	-0.01213	0.02421	0.99963	
111.83502	143.52231	-175.59589	-1.41437	-0.72393	-0.89372	2.24158	0.99980	-0.01528	0.01301	0.01560	0.99958	-0.02448	-0.01263	0.02468	0.99962	
111.85770	143.20206	-175.32355	-1.41943	-0.73083	-0.89521	2.25328	0.99980	-0.01530	0.01314	0.01562	0.99958	-0.02457	-0.01276	0.02477	0.99961	
111.65775	142.72189	-175.51355	-1.41741	-0.71913	-0.92468	2.29128	0.99979	-0.01582	0.01294	0.01614	0.99957	-0.02453	-0.01255	0.02473	0.99962	
111.44626	142.81825	-175.37637	-1.38192	-0.70827	-0.94658	2.19879	0.99979	-0.01622	0.01275	0.01652	0.99958	-0.02391	-0.01236	0.02411	0.99963	
111.29443	141.96774	-175.81613	-1.45323	-0.70840	-0.94981	2.32437	0.99979	-0.01626	0.01278	0.01658	0.99955	-0.02515	-0.01236	0.02536	0.99960	
111.02670	141.95482	-176.00806	-1.45786	-0.68755	-0.93856	2.18378	0.99979	-0.01607	0.01241	0.01638	0.99955	-0.02524	-0.01200	0.02544	0.99960	
111.06442	140.42352	-175.76135	-1.65657	-0.70618	-0.96742	2.27362	0.99978	-0.01652	0.01281	0.01688	0.99945	-0.02870	-0.01232	0.02891	0.99951	
111.24289	141.16570	-175.92871	-1.62025	-0.73654	-0.94133	2.28694	0.99978	-0.01606	0.01331	0.01643	0.99947	-0.02806	-0.01285	0.02827	0.99952	
110.39401	141.30975	-176.90881	-1.60825	-0.66987	-0.93965	2.25515	0.99980	-0.01606	0.01215	0.01640	0.99948	-0.02787	-0.01169	0.02806	0.99954	
110.10065	141.77737	-177.20599	-1.60069	-0.65478	-0.94395	2.23532	0.99980	-0.01615	0.01188	0.01647	0.99948	-0.02774	-0.01143	0.02793	0.99954	
109.96829	142.55002	-177.58527	-1.59967	-0.66427	-0.94488	2.25640	0.99980	-0.01616	0.01205	0.01649	0.99948	-0.02772	-0.01159	0.02791	0.99954	
109.54535	143.90274	-177.93707	-1.49711	-0.63607	-0.97454	2.19966	0.99979	-0.01671	0.01154	0.01701	0.99952	-0.02593	-0.01110	0.02612	0.99960	
109.20114	144.20363	-178.37613	-1.50040	-0.62358	-1.01467	2.22363	0.99978	-0.01742	0.01134	0.01771	0.99951	-0.02599	-0.01088	0.02618	0.99960	
108.68201	144.70654	-178.73758	-1.48494	-0.59592	-1.00761	2.22403	0.99979	-0.01731	0.01085	0.01758	0.99951	-0.02573	-0.01040	0.02591	0.99961	
108.78824	144.72610	-178.54004	-1.52780	-0.63138	-0.98468	2.29662	0.99979	-0.01689	0.01147	0.01718	0.99950	-0.02647	-0.01102	0.02666	0.99958	
108.64590	145.29115	-178.59070	-1.50382	-0.62208	-0.95567	2.29786	0.99980	-0.01639	0.01129	0.01668	0.99952	-0.02606	-0.01086	0.02624	0.99960	
108.48730	146.16129	-178.58801	-1.38149	-0.62711	-0.94560	2.25356	0.99980	-0.01623	0.01134	0.01650	0.99958	-0.02393	-0.01094	0.02411	0.99965	
107.85226	146.12482	-178.72562	-1.37033	-0.57377	-0.94676	2.28745	0.99981	-0.01628	0.01040	0.01652	0.99958	-0.02375	-0.01001	0.02391	0.99966	
108.26123	145.99605	-178.01669	-1.34273	-0.63812	-0.93550	2.27632	0.99980	-0.01606	0.01152	0.01633	0.99960	-0.02325	-0.01114	0.02343	0.99966	
108.07443	145.48500	-177.86566	-1.31763	-0.64848	-0.93893	2.24648	0.99980	-0.01612	0.01169	0.01639	0.99961	-0.02281	-0.01132	0.02299	0.99967	
108.13559	144.97757	-177.11542	-1.36215	-0.66162	-0.89977	2.33745	0.99981	-0.01542	0.01192	0.01570	0.99960	-0.02359	-0.01155	0.02377	0.99965	
108.51263	144.39497	-176.32285	-1.41908	-0.70933	-0.86108	2.26292	0.99981	-0.01472	0.01275	0.01503	0.99959	-0.02458	-0.01238	0.02476	0.99962	
108.56598	143.80396	-175.94461	-1.44095	-0.71426	-0.86443	2.30340	0.99981	-0.01477	0.01284	0.01509	0.99957	-0.02496	-0.01247	0.02514	0.99961	
108.24677	143.70117	-175.65451	-1.45438	-0.67690	-0.85114	2.30418	0.99982	-0.01455	0.01219	0.01485	0.99957	-0.02520	-0.01181	0.02538	0.99961	
108.33786	144.11868	-175.21915	-1.41308	-0.66812	-0.85919	2.23145	0.99982	-0.01470	0.01203	0.01499	0.99959	-0.02448	-0.01166	0.02466	0.99963	
108.76581	144.42056	-174.78775	-1.30376	-0.71676	-0.94639	2.31110	0.99979	-0.01623	0.01288	0.01652	0.99961	-0.02254	-0.01251	0.02275	0.99966	
108.70477	144.75140	-174.83185	-1.33069	-0.68965	-0.95027	2.21428	0.99979	-0.01630	0.01242	0.01658	0.99960	-0.02302	-0.01204	0.02322	0.99966	
109.06271	144.89006	-174.66699	-1.35185	-0.70206	-0.97146	2.30790	0.99978	-0.01666	0.01265	0.01695	0.99958	-0.02338	-0.01225	0.02359	0.99965	
109.18918	145.08441	-174.87653	-1.39776	-0.67638	-0.99514	2.22556	0.99978	-0.01707	0.01222	0.01737	0.99956	-0.02418	-0.01180	0.02439	0.99963	
109.87137	145.64426	-174.79980	-1.38677	-0.72074	-0.98501	2.32202	0.99977	-0.01688	0.01299	0.01719	0.99956	-0.02398	-0.01258	0.02420	0.99963	
109.67883	143.79330	-175.46826	-1.63753	-0.68457	-1.00147	2.25375	0.99978	-0.01713	0.01244	0.01748	0.99944	-0.02836	-0.01195	0.02857	0.99952	
109.56561	144.54413	-176.28226	-1.63006	-0.64590	-0.98381	2.21882	0.99979	-0.01684	0.01176	0.01717	0.99945	-0.02825	-0.01127	0.02844	0.99953	
109.83633	144.33603	-176.88962	-1.66331	-0.65334	-0.97887	2.27937	0.99979	-0.01675	0.01189	0.01708	0.99944	-0.02883	-0.01140	0.02902	0.99951	
109.85010	146.13974	-177.77289	-1.49248	-0.63804	-0.93001	2.19800	0.99981	-0.01594	0.01155	0.01623	0.99953	-0.02586	-0.01114	0.02604	0.99960	
109.41891	145.20947	-178.51715	-1.55071	-0.59006	-0.95081	2.26947	0.99981	-0.01631	0.01074	0.01659	0.99950	-0.02689	-0.01030	0.02706	0.99958	
109.65320	145.67953	-178.70279	-1.50554	-0.59765	-0.93160	2.25910	0.99981	-0.01598	0.01085	0.01626	0.99953	-0.02610	-0.01043	0.02627	0.99960	
110.14044	146.45230	-178.77402	-1.34093	-0.64926	-1.00501	2.20671	0.99978	-0.01727	0.01174	0.01754	0.99958	-0.02320	-0.01133	0.02340	0.99966	
110.30963	146.09912	-178.84613	-1.33258	-0.66669	-0.98340	2.24588	0.99979	-0.01689	0.01203	0.01716	0.99959	-0.02305	-0.01164	0.02325	0.99966	
110.33182	146.48416	-178.78558	-1.28782	-0.64816	-0.96652	2.23818	0.99979	-0.01661	0.01169	0.01687	0.99961	-0.02228	-0.01131	0.02247	0.99968	
110.63324	146.43958	-178.23999	-1.26896	-0.65812	-0.95300	2.17183	0.99980	-0.01637	0.01185	0.01663	0.99962	-0.02195	-0.01149	0.02214	0.99969	
110.69257	146.53262	-178.22403	-1.20773	-0.64183	-0.93913	2.23632	0.99980	-0.01615	0.01154	0.01639	0.99965	-0.02089	-0.01120	0.02108	0.99972	
110.64771	145.65680	-177.69952	-1.23444	-0.61550	-0.96078	2.23755	0.99980	-0.01653	0.01110	0.01677	0.99963	-0.02136	-0.01074	0.02154	0.99971	
111.36362	145.26236	-176.91254	-1.27720	-0.66808	-0.94452	2.21374	0.99980	-0.01622	0.01202	0.01648	0.99962	-0.02209	-0.01166	0.02229	0.99968	
111.68912	143.90860	-176.19144	-1.43977	-0.67337	-0.92528	2.31205	0.99980	-0.01585	0.01215	0.01615	0.99956	-0.02493	-0.01175	0.02512	0.99962	
111.82410	143.35048	-175.98535	-1.46331	-0.66189	-0.93120	2.28655	0.99980	-0.01595	0.01196	0.01625	0.99955	-0.02535	-0.01155	0.02554	0.99961	
112.32709	143.05276	-175.38211	-1.49596	-0.69058	-0.94789	2.27653	0.99979	-0.01622	0.01248	0.01654	0.99953	-0.02590	-0.01205	0.02610	0.99959	
112.62946	142.73706	-175.48230	-1.56618	-0.70594	-0.92508	2.26764	0.99979	-0.01580	0.01276	0.01614	0.99950	-0.02713	-0.01232	0.02733	0.99955	
113.07837	143.05128	-175.30423	-1.53688	-0.73217	-0.92149	2.24566	0.99979	-0.01573	0.01320	0.01608	0.99952	-0.02661	-0.01278	0.02682	0.99956	
112.73337	143.25974	-175.95535	-1.55127	-0.67464	-0.92703	2.21149	0.99980	-0.01585	0.01221	0.01618	0.99951	-0.02688	-0.01177	0.02707	0.99956	
112.89639	142.68900	-176.29288	-1.60666	-0.68760	-0.95167	2.33578	0.99979	-0.01627	0.01246	0.01661	0.99947	-0.02783	-0.01200	0.02804	0.99953	
112.92102	143.19460	-176.47153	-1.60068	-0.67167	-0.95189	2.26705	0.99979	-0.01628	0.01218	0.01661	0.99948	-0.02774	-0.01172	0.02793	0.99954	
113.09720	143.47031	-176.59589	-1.55817	-0.68301	-0.99319	2.19033	0.99978	-0.01700	0.01239	0.01733	0.99949	-0.02698	-0.01192	0.02719	0.99956	
113.33347	143.48872	-176.43695	-1.55682	-0.69828	-0.98716	2.22654	0.99978	-0.01689	0.01265	0.01723	0.99949	-0.02695	-0.01219	0.02717	0.99956	
